9
 1  4  10  16  19  16  10  4  1
 4 16  40  64  76  64  40 16  4
10 40 100 160 190 160 100 40 10
16 64 160 256 304 256 160 64 16
19 76 190 304 361 304 190 76 19
16 64 160 256 304 256 160 64 16
10 40 100 160 190 160 100 40 10
 4 16  40  64  76  64  40 16  4
 1  4  10  16  19  16  10  4  1
